1
12
1
2022
30000
1
trung
10
30000
2
12
12
2022
50000
1
sua
5
50000
3
1
12
2022
1012000000
2
sua
100000
1000000000
trung
1200
12000000
4
12
12
2022
30000
3
sua
1
10000
trunf
1
10000
trung
1
10000
5
12
12
2022
200000
2
sua
10
100000
keo
100
100000
6
12
12
2022
100000
1
sua
10
100000
7
12
12
2022
105000
2
sua
10
100000
keo
5
5000
8
12
12
2022
100000
1
sua
10
100000
9
12
12
2022
184000
3
sua
10
100000
my tom
12
24000
xi dau
5
60000
10
12
12
2022
144000
2
sua
12
120000
my tom
12
24000
11
12
12
2022
128000
2
sua
10
100000
my tom
14
28000
12
12
12
2022
3120000
3
xi dau
10
120000
dong
2
0
dong ho
1
3000000
13
1
12
2022
220000
2
sua
10
100000
xi dau
10
120000
14
12
12
2022
0
1
trung
10
0
15
12
12
2022
100000
1
sua
10
100000
16
12
12
2022
100000
1
sua
10
100000
17
12
12
2022
100000
1
sua
10
100000
18
12
12
2022
24000
1
my tom
12
24000